0 1898 
1 2802 
2 3023 
3 3123 
4 3188 
5 3297 
6 3409 
7 3526 
8 3638 
9 3706 
10 3767 
11 3893 
12 3945 
13 4112 
14 4198 
15 4307 
16 4364 
17 4491 
18 4581 
19 4651 
20 4710 
21 4808 
22 4900 
23 5000 
24 5125 
25 5253 
26 5315 
27 5354 
28 5462 
29 5610 
30 5689 
31 5681 
32 5881 
33 5875 
34 6057 
35 6147 
36 6278 
37 6335 
38 6417 
39 6552 
40 6657 
41 6695 
42 6833 
43 6912 
44 7013 
45 7088 
46 7162 
47 7303 
48 7366 
49 7446 
50 7587 
51 7652 
52 7724 
53 7794 
54 7918 
55 8039 
56 8109 
57 8256 
58 8356 
59 8491 
60 8370 
61 8483 
62 8697 
63 8632 
64 8875 
65 8994 
66 9031 
67 9141 
68 9178 
69 9364 
70 9450 
71 9420 
72 9651 
73 9669 
74 9818 
75 9937 
76 10014 
77 10100 
78 10172 
79 10285 
80 10374 
81 10456 
82 10597 
83 10599 
84 10608 
85 10773 
86 10818 
87 11029 
88 10914 
89 11072 
90 11239 
91 11225 
92 11424 
93 11554 
94 11702 
95 11763 
96 11765 
97 11871 
98 12014 
99 12100 
100 12190 
101 12338 
102 12172 
103 12489 
104 12591 
105 12675 
106 12728 
107 12853 
108 12671 
109 13074 
110 12974 
111 12951 
112 13243 
113 13335 
114 13246 
115 13562 
116 13591 
117 13759 
118 13577 
119 13752 
120 13984 
121 14148 
122 14219 
123 14285 
124 14186 
125 14389 
126 14491 
127 14669 
128 14761 
129 14826 
130 15012 
131 15057 
132 15237 
133 15223 
134 15332 
135 15289 
136 15342 
137 15575 
138 15405 
139 15476 
140 15757 
141 15797 
142 16055 
143 16143 
144 16201 
145 16360 
146 16319 
147 16430 
148 16468 
149 16738 
150 16730 
151 16595 
152 16935 
153 17094 
154 17207 
155 17264 
156 17540 
157 18781 
158 18618 
159 18479 
160 18010 
161 18822 
162 18010 
163 17986 
164 17849 
165 18170 
166 18329 
167 18413 
168 18389 
169 18383 
170 18503 
171 18714 
172 18839 
173 18992 
174 19023 
175 19176 
176 19137 
177 19162 
178 19397 
179 19420 
180 19499 
181 19560 
182 19607 
183 19708 
184 19935 
185 20019 
186 20029 
187 20235 
188 20276 
189 20315 
190 20424 
191 20565 
192 20614 
193 20685 
194 20740 
195 20867 
196 21100 
197 21198 
198 21276 
199 21297 
200 21334 
201 21460 
202 21576 
203 21659 
204 21524 
205 21870 
206 21857 
207 21961 
208 22057 
209 22090 
210 22333 
211 22356 
212 22356 
213 22567 
214 22718 
215 22833 
216 22870 
217 22812 
218 23049 
219 23078 
220 23195 
221 23313 
222 23356 
223 23422 
224 23485 
225 23638 
226 23782 
227 23704 
228 23894 
229 24033 
230 24121 
231 24225 
232 24303 
233 24391 
234 24512 
235 24481 
236 24626 
237 24688 
238 24792 
239 24880 
240 24995 
241 25139 
242 25225 
243 25317 
244 25449 
245 25539 
246 25567 
247 25659 
248 25771 
249 25814 
250 25947 
251 25982 
252 26127 
253 26240 
254 26376 
255 26426 
256 26278 