0 1867 
1 1934 
2 2061 
3 2125 
4 2180 
5 2236 
6 2287 
7 2351 
8 2408 
9 2443 
10 2497 
11 2552 
12 2609 
13 2695 
14 2763 
15 2814 
16 2851 
17 2907 
18 2970 
19 3009 
20 3072 
21 3134 
22 3185 
23 3230 
24 3282 
25 3339 
26 3376 
27 3442 
28 3483 
29 3542 
30 3602 
31 3653 
32 3712 
33 3762 
34 3815 
35 3868 
36 3922 
37 3979 
38 4036 
39 4092 
40 4186 
41 4213 
42 4279 
43 4310 
44 4365 
45 4445 
46 4498 
47 4552 
48 4590 
49 4652 
50 4708 
51 4808 
52 4826 
53 4882 
54 4941 
55 5025 
56 5066 
57 5132 
58 5193 
59 5251 
60 5274 
61 5399 
62 5427 
63 5442 
64 5511 
65 5571 
66 5624 
67 5669 
68 5722 
69 5799 
70 5817 
71 5895 
72 5952 
73 6006 
74 6057 
75 6110 
76 6170 
77 6213 
78 6287 
79 6332 
80 6379 
81 6422 
82 6488 
83 6551 
84 6606 
85 6660 
86 6705 
87 6773 
88 6830 
89 6871 
90 6929 
91 6978 
92 7041 
93 7119 
94 7126 
95 7196 
96 7277 
97 7277 
98 7369 
99 7423 
100 7464 
101 7581 
102 7579 
103 7637 
104 7743 
105 7757 
106 7831 
107 7864 
108 7936 
109 7995 
110 8040 
111 8122 
112 8145 
113 8211 
114 8252 
115 8317 
116 8407 
117 8414 
118 8485 
119 8526 
120 8620 
121 8639 
122 8695 
123 8744 
124 8789 
125 8867 
126 8865 
127 8976 
128 9010 
129 9091 
130 9111 
131 9187 
132 9224 
133 9289 
134 9324 
135 9437 
136 9444 
137 9540 
138 9548 
139 9634 
140 9665 
141 9726 
142 9784 
143 9854 
144 9878 
145 10024 
146 9997 
147 10063 
148 10091 
149 10163 
150 10210 
151 10311 
152 10332 
153 10401 
154 10440 
155 10532 
156 10541 
157 10633 
158 10666 
159 10735 
160 10818 
161 10815 
162 10890 
163 10931 
164 10959 
165 11049 
166 11103 
167 11158 
168 11209 
169 11271 
170 11314 
171 11390 
172 11423 
173 11476 
174 11560 
175 11579 
176 11632 
177 11697 
178 11765 
179 11813 
180 11866 
181 11901 
182 11958 
183 12032 
184 12054 
185 12134 
186 12168 
187 12253 
188 12274 
189 12371 
190 12421 
191 12446 
192 12526 
193 12567 
194 12639 
195 12702 
196 12752 
197 12785 
198 12852 
199 12914 
200 12953 
201 13008 
202 13055 
203 13132 
204 13121 
205 13240 
206 13473 
207 13353 
208 13410 
209 13423 
210 13521 
211 13576 
212 13603 
213 13681 
214 13726 
215 13784 
216 13831 
217 13901 
218 13966 
219 13986 
220 14056 
221 14124 
222 14241 
223 14219 
224 14286 
225 14335 
226 14393 
227 14440 
228 14612 
229 14561 
230 14590 
231 14655 
232 14723 
233 14825 
234 14828 
235 14893 
236 14939 
237 14999 
238 15066 
239 15080 
240 15164 
241 15217 
242 15283 
243 15319 
244 15369 
245 15439 
246 15482 
247 15553 
248 15583 
249 15642 
250 15712 
251 15765 
252 15808 
253 15903 
254 15916 
255 16009 
256 16046 