0 1305174 
1 587697 
2 578492 
3 586468 
4 596867 
5 587801 
6 581945 
7 588564 
8 589206 
9 587555 
1 585913 
1 580254 
1 586904 
1 589261 
1 587738 
1 580490 
1 588843 
1 589373 
1 588315 
1 581397 
2 588962 
2 588466 
2 586673 
2 578592 
2 586151 
2 607158 
2 589895 
2 581430 
2 589619 
2 589781 
3 615293 
3 582248 
3 588311 
3 589007 
3 589928 
3 591199 
3 595890 
3 588780 
3 592776 
3 589271 
4 581661 
4 593310 
4 590606 
4 588419 
4 581470 
4 589557 
4 588409 
4 586787 
4 580597 
4 587541 
5 586984 
5 588457 
5 584844 
5 591120 
5 591120 
5 589898 
5 582044 
5 588941 
5 587111 
5 588104 
6 610985 
6 582609 
6 590614 
6 589803 
6 588880 
6 585027 
6 590815 
6 593026 
6 592007 
6 583623 
7 590241 
7 593764 
7 592269 
7 580959 
7 590755 
7 590627 
7 589826 
7 585510 
7 590712 
7 593304 
8 591484 
8 591345 
8 581953 
8 590671 
8 592764 
8 611030 
8 585977 
8 592080 
8 590839 
8 590755 
9 643771 
9 604251 
9 593658 
9 591838 
9 649993 
9 588589 
9 592969 
9 591717 
9 590706 
9 583139 
1 592225 
1 590708 
1 593470 
1 600101 
1 587394 
1 592404 
1 592939 
1 591021 
1 584570 
1 592039 
1 593329 
1 590778 
1 585633 
1 593009 
1 593668 
1 594238 
1 596822 
1 602747 
1 605443 
1 594360 
1 593977 
1 585360 
1 594807 
1 601662 
1 593975 
1 585497 
1 592958 
1 591468 
1 594422 
1 604839 
1 593378 
1 594711 
1 594244 
1 586034 
1 606917 
1 593994 
1 594740 
1 595067 
1 586945 
1 592190 
1 595344 
1 593396 
1 584822 
1 591781 
1 594199 
1 594670 
1 587164 
1 591535 
1 593655 
1 594541 
1 588845 
1 589216 
1 592504 
1 594444 
1 591447 
1 586626 
1 595634 
1 596033 
1 609003 
1 586935 
1 596052 
1 596107 
1 599002 
1 588612 
1 593337 
1 645483 
1 593390 
1 593915 
1 590154 
1 593556 
1 595941 
1 593968 
1 587559 
1 594871 
1 596259 
1 604081 
1 593464 
1 590872 
1 595581 
1 593573 
1 595472 
1 588696 
1 596250 
1 617483 
1 595041 
1 586675 
1 594848 
1 595824 
1 597194 
1 596586 
1 588435 
1 595565 
1 597161 
1 600261 
1 589893 
1 596750 
1 598459 
1 595564 
1 587854 
1 595782 
2 596531 
2 603873 
2 592252 
2 590487 
2 597823 
2 595007 
2 594217 
2 590159 
2 597489 
2 596174 
2 599139 
2 589656 
2 596144 
2 598828 
2 596670 
2 589981 
2 594549 
2 597759 
2 596877 
2 597389 
2 589807 
2 603600 
2 601125 
2 597352 
2 589854 
2 599481 
2 619772 
2 598392 
2 599747 
2 590468 
2 597250 
2 598658 
2 611004 
2 590514 
2 598181 
2 598175 
2 600161 
2 589388 
2 597691 
2 599772 
2 596093 
2 599332 
2 590983 
2 599727 
2 598858 
2 598832 
2 591249 
2 598156 
2 598897 
2 598337 
2 594703 
2 592602 
2 599493 
2 599694 
2 598781 
2 602591 
2 598175 