0 33526 
1 34867 
2 41367 
3 45103 
4 45423 
5 46014 
6 46816 
7 46354 
8 46546 
9 46877 
10 46877 
11 46783 
12 46471 
13 46842 
14 47837 
15 48259 
16 47769 
17 48790 
18 50088 
19 55768 
20 57330 
21 59306 
22 60513 
23 61278 
24 61554 
25 61249 
26 62243 
27 60821 
28 60240 
29 58957 
30 58897 
31 57185 
32 57494 
33 57693 
34 58122 
35 58274 
36 58425 
37 58584 
38 58547 
39 58856 
40 59028 
41 59240 
42 59332 
43 59405 
44 59328 
45 59447 
46 59760 
47 59502 
48 59783 
49 59697 
50 60000 
51 59944 
52 59847 
53 60164 
54 60093 
55 60665 
56 60525 
57 60336 
58 60628 
59 60654 
60 60968 
61 60882 
62 61163 
63 61259 
64 61591 
65 61522 
66 61766 
67 61905 
68 62057 
69 61961 
70 62244 
71 61979 
72 62249 
73 62643 
74 62658 
75 62965 
76 62787 
77 62711 
78 63027 
79 63429 
80 63097 
81 63330 
82 63385 
83 63556 
84 63630 
85 64177 
86 63905 
87 63795 
88 64329 
89 64142 
90 64741 
91 64288 
92 64807 
93 64475 
94 64760 
95 64709 
96 64938 
97 64895 
98 65174 
99 65278 
100 65531 
101 65360 
102 65399 
103 65444 
104 65811 
105 65746 
106 66046 
107 65986 
108 66381 
109 65951 
110 66197 
111 66388 
112 66344 
113 66596 
114 66523 
115 66728 
116 66808 
117 66800 
118 66882 
119 66812 
120 67206 
121 66943 
122 67339 
123 67177 
124 72599 
125 67946 
126 68278 
127 68377 
128 68664 
129 68834 
130 68762 
131 68746 
132 68828 
133 69170 
134 69427 
135 69349 
136 69129 
137 69298 
138 69660 
139 69836 
140 69599 
141 69728 
142 69839 
143 70272 
144 70491 
145 70161 
146 70269 
147 70354 
148 71196 
149 71075 
150 71050 
151 71171 
152 70893 
153 70931 
154 71067 
155 70950 
156 71100 
157 71711 
158 71609 
159 71658 
160 71885 
161 71748 
162 72152 
163 72158 
164 72328 
165 72654 
166 73130 
167 72828 
168 72590 
169 72521 
170 72742 
171 73064 
172 72865 
173 73050 
174 73289 
175 73206 
176 73326 
177 73470 
178 73363 
179 73595 
180 73745 
181 73859 
182 74139 
183 73985 
184 74198 
185 74412 
186 74272 
187 74604 
188 74635 
189 74975 
190 74785 
191 75369 
192 75440 
193 75406 
194 75281 
195 75509 
196 75832 
197 75640 
198 76117 
199 75947 
200 75970 
201 76308 
202 76400 
203 76513 
204 76427 
205 76360 
206 76415 
207 76562 
208 76622 
209 76847 
210 77044 
211 77032 
212 77229 
213 77237 
214 77446 
215 77711 
216 77770 
217 77575 
218 78291 
219 78038 
220 78590 
221 78096 
222 78533 
223 78510 
224 78560 
225 78483 
226 78932 
227 78738 
228 78961 
229 79101 
230 78824 
231 79347 
232 79599 
233 79378 
234 79558 
235 79472 
236 79825 
237 79634 
238 79966 
239 79941 
240 79888 
241 80415 
242 80321 
243 80231 
244 80206 
245 80050 
246 80606 
247 80641 
248 80569 
249 80678 
250 80688 
251 80932 
252 81051 
253 80977 
254 81254 
255 81176 
256 81133 