0 33662 
1 32515 
2 32031 
3 32054 
4 32322 
5 32243 
6 32127 
7 33212 
8 32355 
9 32392 
10 32507 
11 32712 
12 36339 
13 34336 
14 32965 
15 32938 
16 32800 
17 32735 
18 32998 
19 32848 
20 33444 
21 33034 
22 33676 
23 33171 
24 33026 
25 33518 
26 33229 
27 33221 
28 33309 
29 33534 
30 33502 
31 33506 
32 34043 
33 34224 
34 34297 
35 34345 
36 34851 
37 34927 
38 34726 
39 34765 
40 34942 
41 35083 
42 35136 
43 35424 
44 35259 
45 35382 
46 35309 
47 35295 
48 35389 
49 35551 
50 35743 
51 35563 
52 36119 
53 35870 
54 35869 
55 35953 
56 36273 
57 36137 
58 36043 
59 36609 
60 36107 
61 36330 
62 36427 
63 36377 
64 36631 
65 36607 
66 36958 
67 37097 
68 36903 
69 37056 
70 36939 
71 37110 
72 37380 
73 37292 
74 37475 
75 38203 
76 37321 
77 37702 
78 37594 
79 37483 
80 38106 
81 37751 
82 37781 
83 38053 
84 37811 
85 38631 
86 38275 
87 38161 
88 38098 
89 38241 
90 38236 
91 38221 
92 38393 
93 38632 
94 38734 
95 39144 
96 38843 
97 38781 
98 39095 
99 38951 
100 39181 
101 38984 
102 38976 
103 38994 
104 39208 
105 39413 
106 39261 
107 39319 
108 39433 
109 39507 
110 39440 
111 39679 
112 39591 
113 39814 
114 39940 
115 39829 
116 39977 
117 39823 
118 40022 
119 40004 
120 40149 
121 40126 
122 40260 
123 40211 
124 40635 
125 40489 
126 40689 
127 40512 
128 40670 
129 40920 
130 40808 
131 41177 
132 40998 
133 40966 
134 40954 
135 41235 
136 41002 
137 41240 
138 41183 
139 41288 
140 41177 
141 41456 
142 41349 
143 41607 
144 41499 
145 41618 
146 41646 
147 41661 
148 41788 
149 42028 
150 41839 
151 41976 
152 42241 
153 42098 
154 42307 
155 42040 
156 42063 
157 42293 
158 42218 
159 42340 
160 42479 
161 42512 
162 42625 
163 42592 
164 42719 
165 42813 
166 42715 
167 42998 
168 42868 
169 42813 
170 43045 
171 42959 
172 43041 
173 43169 
174 43127 
175 43451 
176 43142 
177 43337 
178 43359 
179 43515 
180 43607 
181 43630 
182 43533 
183 43509 
184 43642 
185 43745 
186 43859 
187 43859 
188 44085 
189 44181 
190 44307 
191 44355 
192 44463 
193 44428 
194 44375 
195 44581 
196 44750 
197 44692 
198 44889 
199 45022 
200 44932 
201 45016 
202 45190 
203 45104 
204 45289 
205 45340 
206 45279 
207 45443 
208 45474 
209 45402 
210 45418 
211 45691 
212 45587 
213 45716 
214 46017 
215 45800 
216 45991 
217 45933 
218 46274 
219 46267 
220 46428 
221 46380 
222 46189 
223 46700 
224 46915 
225 46661 
226 47512 
227 46686 
228 46788 
229 47086 
230 46883 
231 47857 
232 46692 
233 47102 
234 46826 
235 47147 
236 47151 
237 47326 
238 47314 
239 47277 
240 47412 
241 47274 
242 47543 
243 47437 
244 47555 
245 47627 
246 47564 
247 47682 
248 47732 
249 48497 
250 48054 
251 48206 
252 48345 
253 47881 
254 48058 
255 48189 
256 48236 