0 446066 
1 430211 
2 223415 
3 135141 
4 134860 
5 136658 
6 136431 
7 136590 
8 136017 
9 137170 
10 138241 
11 137870 
12 137319 
13 138346 
14 138116 
15 139022 
16 141334 
17 139360 
18 139849 
19 142833 
20 141344 
21 142849 
22 141997 
23 143017 
24 142438 
25 142710 
26 142935 
27 144422 
28 143545 
29 142747 
30 142880 
31 143306 
32 146708 
33 145246 
34 148558 
35 171294 
36 177450 
37 181617 
38 181467 
39 182556 
40 182717 
41 184328 
42 183697 
43 184691 
44 184588 
45 185934 
46 184840 
47 185403 
48 186090 
49 184906 
50 185008 
51 183921 
52 181334 
53 180570 
54 182503 
55 178759 
56 177518 
57 176556 
58 177955 
59 175745 
60 177184 
61 174971 
62 174261 
63 177367 
64 175579 
65 174944 
66 175751 
67 177533 
68 175790 
69 175634 
70 176912 
71 176715 
72 176416 
73 175593 
74 175779 
75 175595 
76 177547 
77 175765 
78 175753 
79 176466 
80 178212 
81 176109 
82 177334 
83 175362 
84 175826 
85 178212 
86 176753 
87 177529 
88 177072 
89 179520 
90 177265 
91 178112 
92 178403 
93 180413 
94 178686 
95 179296 
96 179519 
97 178926 
98 189463 
99 184820 
100 179945 
101 179509 
102 182413 
103 179813 
104 180660 
105 180648 
106 182792 
107 181039 
108 181102 
109 181211 
110 181473 
111 182786 
112 181327 
113 182065 
114 181995 
115 182798 
116 182383 
117 181930 
118 182094 
119 184127 
120 181752 
121 182339 
122 181614 
123 183917 
124 182378 
125 182737 
126 182225 
127 182340 
128 184039 
129 181748 
130 182186 
131 181639 
132 183984 
133 181015 
134 181348 
135 181383 
136 182446 
137 180773 
138 181705 
139 180523 
140 182498 
141 183550 
142 181998 
143 182706 
144 182964 
145 184357 
146 184005 
147 184248 
148 184394 
149 187110 
150 185893 
151 187462 
152 186881 
153 189569 
154 187872 
155 188775 
156 189627 
157 191743 
158 190491 
159 192298 
160 196226 
161 199229 
162 198946 
163 199413 
164 198608 
165 199783 
166 198299 
167 198682 
168 198362 
169 199900 
170 198977 
171 198756 
172 198673 
173 200861 
174 198753 
175 199065 
176 198975 
177 200025 
178 198885 
179 198610 
180 198291 
181 200148 
182 198461 
183 198382 
184 198440 
185 199554 
186 198671 
187 197944 
188 198217 
189 200592 
190 198830 
191 199423 
192 200341 
193 199755 
194 199290 
195 200195 
196 201664 
197 199499 
198 200261 
199 200490 
200 201485 
201 199749 
202 201506 
203 221592 
204 203311 
205 200210 
206 200574 
207 200513 
208 201967 
209 200230 
210 202129 
211 202119 
212 201909 
213 201414 
214 201291 
215 200900 
216 203281 
217 202184 
218 201412 
219 203396 
220 237502 
221 202079 
222 201887 
223 206250 
224 207026 
225 202090 
226 201573 
227 204623 
228 201926 
229 201766 
230 226356 
231 203628 
232 202186 
233 202580 
234 203894 
235 202442 
236 202649 
237 202077 
238 204431 
239 202950 
240 202886 
241 202975 
242 204734 
243 202940 
244 203292 
245 203454 
246 204844 
247 203705 
248 203133 
249 206209 
250 205035 
251 204105 
252 203720 
253 204504 
254 205915 
255 204461 
256 204449 