0 443790 
1 437384 
2 205345 
3 100352 
4 100800 
5 101582 
6 100966 
7 100407 
8 100829 
9 101232 
10 100899 
11 100956 
12 100428 
13 102068 
14 100432 
15 100683 
16 101097 
17 100910 
18 100989 
19 100919 
20 100481 
21 102580 
22 101042 
23 101146 
24 100876 
25 101523 
26 100815 
27 101460 
28 102629 
29 100982 
30 101282 
31 101411 
32 102322 
33 108474 
34 112656 
35 102760 
36 103335 
37 102070 
38 102057 
39 102012 
40 101134 
41 102541 
42 102518 
43 102983 
44 102530 
45 101963 
46 102401 
47 102057 
48 102200 
49 102430 
50 101902 
51 103617 
52 102115 
53 103138 
54 102853 
55 102516 
56 102940 
57 102983 
58 103331 
59 103183 
60 103306 
61 103443 
62 103106 
63 103099 
64 102498 
65 103224 
66 104651 
67 108941 
68 103611 
69 103230 
70 103841 
71 104817 
72 104162 
73 106493 
74 104189 
75 103695 
76 103538 
77 104250 
78 104086 
79 104007 
80 104205 
81 105714 
82 104504 
83 104178 
84 104878 
85 104549 
86 104651 
87 105069 
88 106363 
89 105428 
90 104934 
91 105460 
92 106381 
93 106168 
94 106533 
95 106361 
96 107516 
97 106971 
98 106930 
99 106985 
100 106996 
101 107031 
102 106951 
103 109047 
104 107335 
105 107880 
106 108033 
107 107894 
108 108445 
109 107579 
110 109790 
111 107919 
112 107846 
113 109683 
114 113963 
115 115036 
116 114563 
117 111471 
118 108377 
119 108167 
120 108441 
121 108101 
122 108470 
123 107882 
124 109677 
125 108234 
126 108504 
127 109150 
128 108809 
129 108695 
130 108560 
131 109452 
132 110363 
133 112646 
134 113178 
135 112945 
136 110423 
137 109076 
138 110083 
139 109466 
140 108916 
141 109698 
142 109417 
143 109745 
144 109680 
145 110803 
146 109327 
147 109713 
148 110298 
149 109630 
150 109929 
151 110335 
152 111178 
153 110296 
154 110453 
155 110451 
156 110439 
157 110017 
158 110830 
159 111823 
160 110785 
161 110847 
162 110736 
163 111231 
164 111229 
165 111533 
166 113547 
167 111246 
168 111197 
169 111568 
170 111579 
171 111125 
172 111524 
173 113019 
174 113136 
175 111836 
176 112022 
177 112404 
178 112036 
179 112724 
180 113426 
181 112177 
182 112451 
183 112247 
184 112796 
185 112081 
186 112497 
187 113170 
188 112748 
189 113021 
190 112139 
191 112882 
192 112636 
193 112746 
194 113920 
195 113193 
196 113522 
197 113471 
198 113407 
199 112694 
200 113400 
201 114657 
202 113633 
203 113891 
204 113187 
205 113416 
206 113436 
207 115418 
208 113820 
209 113365 
210 114088 
211 113650 
212 115213 
213 114206 
214 115845 
215 113795 
216 114837 
217 115508 
218 114941 
219 115424 
220 115250 
221 116010 
222 114536 
223 114609 
224 114424 
225 114620 
226 114683 
227 114574 
228 115912 
229 115095 
230 114784 
231 115033 
232 115195 
233 114925 
234 116257 
235 114419 
236 115314 
237 114897 
238 115863 
239 116766 
240 116034 
241 116962 
242 116080 
243 115488 
244 115602 
245 115967 
246 116548 
247 115977 
248 117089 
249 115484 
250 116202 
251 116055 
252 116411 
253 116197 
254 117306 
255 116548 
256 116497 