0 810592 
1 1041932 
2 1046511 
3 1045394 
4 1042898 
5 1043264 
6 1050764 
7 1047393 
8 1046136 
9 1049107 
10 1051861 
11 1048027 
12 1047046 
13 1045311 
14 1050664 
15 1049517 
16 1046803 
17 1047891 
18 1052138 
19 1051889 
20 1048971 
21 1049829 
22 1056130 
23 1053656 
24 1050297 
25 1048901 
26 1057127 
27 1053575 
28 1051939 
29 1052628 
30 1059086 
31 1056566 
32 1052962 
33 1056315 
34 1059296 
35 1058835 
36 1055805 
37 1058579 
38 1060057 
39 1057402 
40 1054444 
41 1056199 
42 1064347 
43 1060891 
44 1061100 
45 1058434 
46 1063286 
47 1061804 
48 1058599 
49 1061122 
50 1062926 
51 1062911 
52 1061110 
53 1061829 
54 1067839 
55 1063845 
56 1061236 
57 1062995 
58 1068668 
59 1063873 
60 1062919 
61 1063904 
62 1069267 
63 1076617 
64 1089767 
65 1099540 
66 1112162 
67 1126076 
68 1136253 
69 1149156 
70 1159678 
71 1170990 
72 1186514 
73 1200713 
74 1211853 
75 1226637 
76 1238538 
77 1251362 
78 1268133 
79 1281652 
80 1297155 
81 1311335 
82 1328061 
83 1339691 
84 1359028 
85 1372071 
86 1386241 
87 1397149 
88 1407769 
89 1417460 
90 1435021 
91 1444146 
92 1457079 
93 1464457 
94 1468074 
95 1465646 
96 1469971 
97 1466629 
98 1470993 
99 1468061 
100 1468699 
101 1468040 
102 1469140 
103 1466362 
104 1467275 
105 1466747 
106 1468217 
107 1463648 
108 1467136 
109 1471080 
110 1468283 
111 1466812 
112 1468842 
113 1467870 
114 1472418 
115 1465948 
116 1467559 
117 1469869 
118 1467709 
119 1470286 
120 1469807 
121 1468962 
122 1470726 
123 1469932 
124 1470422 
125 1471921 
126 1471337 
127 1470853 
128 1469468 
129 1470703 
130 1471313 
131 1470571 
132 1468500 
133 1470732 
134 1472036 
135 1470933 
136 1472780 
137 1474563 
138 1472955 
139 1471806 
140 1476688 
141 1475878 
142 1473019 
143 1473998 
144 1472310 
145 1470780 
146 1472089 
147 1474320 
148 1476027 
149 1475040 
150 1477293 
151 1472748 
152 1473613 
153 1474879 
154 1475627 
155 1472721 
156 1474213 
157 1482554 
158 1482227 
159 1484451 
160 1491989 
161 1492657 
162 1492183 
163 1497654 
164 1499162 
165 1500710 
166 1504993 
167 1509059 
168 1514834 
169 1512605 
170 1518539 
171 1519182 
172 1522954 
173 1530476 
174 1530758 
175 1534314 
176 1541944 
177 1545959 
178 1547955 
179 1546054 
180 1548143 
181 1552590 
182 1553749 
183 1554032 
184 1552254 
185 1557142 
186 1553928 
187 1558131 
188 1556729 
189 1552320 
190 1555818 
191 1556412 
192 1558063 
193 1557273 
194 1559711 
195 1558200 
196 1560237 
197 1558641 
198 1557010 
199 1559874 
200 1560481 
201 1556433 
202 1561294 
203 1557164 
204 1561976 
205 1565787 
206 1558795 
207 1561231 
208 1559600 
209 1563473 
210 1563378 
211 1565713 
212 1562001 
213 1564676 
214 1563497 
215 1563566 
216 1565536 
217 1567472 
218 1565937 
219 1571669 
220 1572230 
221 1573558 
222 1573938 
223 1575151 
224 1575100 
225 1575823 
226 1578804 
227 1582054 
228 1589064 
229 1593848 
230 1592791 
231 1596299 
232 1598841 
233 1605371 
234 1612730 
235 1610584 
236 1617763 
237 1621011 
238 1624164 
239 1629644 
240 1639340 
241 1640834 
242 1637765 
243 1651202 
244 1654801 
245 1662016 
246 1664341 
247 1662382 
248 1668850 
249 1668094 
250 1666817 
251 1667694 
252 1672139 
253 1669034 
254 1671136 
255 1669971 
256 1671483 