0 798822 
1 804882 
2 804496 
3 800996 
4 805357 
5 800986 
6 795314 
7 806031 
8 802755 
9 805061 
10 803866 
11 805225 
12 805004 
13 804913 
14 806062 
15 805338 
16 805762 
17 805660 
18 805170 
19 803454 
20 804485 
21 802375 
22 812092 
23 803845 
24 805284 
25 805507 
26 805770 
27 805957 
28 805988 
29 804807 
30 804887 
31 802979 
32 805961 
33 805650 
34 809795 
35 804759 
36 810072 
37 803186 
38 801569 
39 804678 
40 804936 
41 805786 
42 799743 
43 801787 
44 805482 
45 805570 
46 806449 
47 803890 
48 804205 
49 805154 
50 804293 
51 805410 
52 804527 
53 804363 
54 805905 
55 807859 
56 804064 
57 811669 
58 805122 
59 804198 
60 806491 
61 804109 
62 801557 
63 808475 
64 810994 
65 813787 
66 815283 
67 815388 
68 819852 
69 823200 
70 834700 
71 827902 
72 833346 
73 834525 
74 839362 
75 842110 
76 846807 
77 848766 
78 850896 
79 854119 
80 857560 
81 861487 
82 862973 
83 867808 
84 872008 
85 870805 
86 872128 
87 873306 
88 874688 
89 874847 
90 875162 
91 876203 
92 880428 
93 881062 
94 882810 
95 881923 
96 881010 
97 881573 
98 881843 
99 879087 
100 886098 
101 881751 
102 883246 
103 882977 
104 885139 
105 882823 
106 881328 
107 882028 
108 880775 
109 882180 
110 881053 
111 877391 
112 881188 
113 883832 
114 881109 
115 882480 
116 882266 
117 881673 
118 881167 
119 882893 
120 882924 
121 881299 
122 881781 
123 884506 
124 880531 
125 885796 
126 883253 
127 881645 
128 881079 
129 880344 
130 882954 
131 882345 
132 882027 
133 881381 
134 882720 
135 884459 
136 882887 
137 888105 
138 883231 
139 880662 
140 883248 
141 881454 
142 886673 
143 882125 
144 883177 
145 883869 
146 883622 
147 881177 
148 882859 
149 881603 
150 881423 
151 883246 
152 882503 
153 883237 
154 882911 
155 883802 
156 883313 
157 882866 
158 883835 
159 883782 
160 891726 
161 883596 
162 883588 
163 882817 
164 883299 
165 881441 
166 883356 
167 883532 
168 885650 
169 882151 
170 882655 
171 889145 
172 883605 
173 884712 
174 884537 
175 882608 
176 902369 
177 893011 
178 905075 
179 888516 
180 883694 
181 884084 
182 883001 
183 883013 
184 886631 
185 884177 
186 883309 
187 886154 
188 885194 
189 886424 
190 884003 
191 886675 
192 886134 
193 886604 
194 887319 
195 885924 
196 886756 
197 890076 
198 888021 
199 889637 
200 890368 
201 891427 
202 893340 
203 895898 
204 900410 
205 893075 
206 892550 
207 893353 
208 894551 
209 895095 
210 896256 
211 894648 
212 894306 
213 897042 
214 895798 
215 897117 
216 898547 
217 898215 
218 899927 
219 905030 
220 996080 
221 911606 
222 916856 
223 920228 
224 951596 
225 929899 
226 932765 
227 935012 
228 938678 
229 941493 
230 943789 
231 949435 
232 952653 
233 955734 
234 958768 
235 965520 
236 973082 
237 970608 
238 973317 
239 978401 
240 981159 
241 981896 
242 988590 
243 989611 
244 987906 
245 988358 
246 988039 
247 994106 
248 991175 
249 993744 
250 996086 
251 994026 
252 992728 
253 993120 
254 994453 
255 994732 
256 993622 