0 1305174 
1 587697 
2 578492 
3 586468 
4 596867 
5 587801 
6 581945 
7 588564 
8 589206 
9 587555 
10 585913 
11 580254 
12 586904 
13 589261 
14 587738 
15 580490 
16 588843 
17 589373 
18 588315 
19 581397 
20 588962 
21 588466 
22 586673 
23 578592 
24 586151 
25 607158 
26 589895 
27 581430 
28 589619 
29 589781 
30 615293 
31 582248 
32 588311 
33 589007 
34 589928 
35 591199 
36 595890 
37 588780 
38 592776 
39 589271 
40 581661 
41 593310 
42 590606 
43 588419 
44 581470 
45 589557 
46 588409 
47 586787 
48 580597 
49 587541 
50 586984 
51 588457 
52 584844 
53 591120 
54 591120 
55 589898 
56 582044 
57 588941 
58 587111 
59 588104 
60 610985 
61 582609 
62 590614 
63 589803 
64 588880 
65 585027 
66 590815 
67 593026 
68 592007 
69 583623 
70 590241 
71 593764 
72 592269 
73 580959 
74 590755 
75 590627 
76 589826 
77 585510 
78 590712 
79 593304 
80 591484 
81 591345 
82 581953 
83 590671 
84 592764 
85 611030 
86 585977 
87 592080 
88 590839 
89 590755 
90 643771 
91 604251 
92 593658 
93 591838 
94 649993 
95 588589 
96 592969 
97 591717 
98 590706 
99 583139 
100 592225 
101 590708 
102 593470 
103 600101 
104 587394 
105 592404 
106 592939 
107 591021 
108 584570 
109 592039 
110 593329 
111 590778 
112 585633 
113 593009 
114 593668 
115 594238 
116 596822 
117 602747 
118 605443 
119 594360 
120 593977 
121 585360 
122 594807 
123 601662 
124 593975 
125 585497 
126 592958 
127 591468 
128 594422 
129 604839 
130 593378 
131 594711 
132 594244 
133 586034 
134 606917 
135 593994 
136 594740 
137 595067 
138 586945 
139 592190 
140 595344 
141 593396 
142 584822 
143 591781 
144 594199 
145 594670 
146 587164 
147 591535 
148 593655 
149 594541 
150 588845 
151 589216 
152 592504 
153 594444 
154 591447 
155 586626 
156 595634 
157 596033 
158 609003 
159 586935 
160 596052 
161 596107 
162 599002 
163 588612 
164 593337 
165 645483 
166 593390 
167 593915 
168 590154 
169 593556 
170 595941 
171 593968 
172 587559 
173 594871 
174 596259 
175 604081 
176 593464 
177 590872 
178 595581 
179 593573 
180 595472 
181 588696 
182 596250 
183 617483 
184 595041 
185 586675 
186 594848 
187 595824 
188 597194 
189 596586 
190 588435 
191 595565 
192 597161 
193 600261 
194 589893 
195 596750 
196 598459 
197 595564 
198 587854 
199 595782 
200 596531 
201 603873 
202 592252 
203 590487 
204 597823 
205 595007 
206 594217 
207 590159 
208 597489 
209 596174 
210 599139 
211 589656 
212 596144 
213 598828 
214 596670 
215 589981 
216 594549 
217 597759 
218 596877 
219 597389 
220 589807 
221 603600 
222 601125 
223 597352 
224 589854 
225 599481 
226 619772 
227 598392 
228 599747 
229 590468 
230 597250 
231 598658 
232 611004 
233 590514 
234 598181 
235 598175 
236 600161 
237 589388 
238 597691 
239 599772 
240 596093 
241 599332 
242 590983 
243 599727 
244 598858 
245 598832 
246 591249 
247 598156 
248 598897 
249 598337 
250 594703 
251 592602 
252 599493 
253 599694 
254 598781 
255 602591 
256 598175 