0 4087 
1 4107 
2 4118 
3 4378 
4 4193 
5 4155 
6 4145 
7 4298 
8 4379 
9 4245 
10 4235 
11 4203 
12 4208 
13 4230 
14 4240 
15 4273 
16 4277 
17 6162 
18 6532 
19 5138 
20 4389 
21 4394 
22 4416 
23 4632 
24 4750 
25 5042 
26 4823 
27 4871 
28 4850 
29 4909 
30 4999 
31 4936 
32 5169 
33 4983 
34 5004 
35 7079 
36 7063 
37 7089 
38 7743 
39 5222 
40 5217 
41 5248 
42 5243 
43 5255 
44 5296 
45 5349 
46 6481 
47 7388 
48 6129 
49 5477 
50 5482 
51 5115 
52 5105 
53 5137 
54 5313 
55 5466 
56 5223 
57 6029 
58 5265 
59 5185 
60 5248 
61 5270 
62 5503 
63 5366 
64 5381 
65 8093 
66 7722 
67 5386 
68 5393 
69 5763 
70 5456 
71 5487 
72 5503 
73 5551 
74 5562 
75 5572 
76 5610 
77 5625 
78 5657 
79 5647 
80 7180 
81 8490 
82 8496 
83 8730 
84 8570 
85 8804 
86 8174 
87 5843 
88 6087 
89 5949 
90 5880 
91 5938 
92 7652 
93 8852 
94 7569 
95 7180 
96 9026 
97 8978 
98 8983 
99 9021 
100 8258 
101 6130 
102 6077 
103 9282 
104 9196 
105 9096 
106 9325 
107 6968 
108 6220 
109 6204 
110 6484 
111 6257 
112 6257 
113 6262 
114 6315 
115 6305 
116 6315 
117 6431 
118 6597 
119 6433 
120 6448 
121 6459 
122 6474 
123 6474 
124 6521 
125 6576 
126 6543 
127 6549 
128 7419 
129 9993 
130 9913 
131 10083 
132 10061 
133 9950 
134 7142 
135 6724 
136 6750 
137 6750 
138 8109 
139 7318 
140 8549 
141 6978 
142 6926 
143 6803 
144 6856 
145 7780 
146 10917 
147 10550 
148 11028 
149 10970 
150 9887 
151 6994 
152 7408 
153 7058 
154 7101 
155 7302 
156 7064 
157 7185 
158 7117 
159 7132 
160 7483 
161 11485 
162 11649 
163 9892 
164 7244 
165 15230 
166 18797 
167 16196 
168 12274 
169 12625 
170 12312 
171 12625 
172 12380 
173 12529 
174 16474 
175 18976 
176 18293 
177 14439 
178 12806 
179 14101 
180 18617 
181 18037 
182 18776 
183 17731 
184 13421 
185 19313 
186 18564 
187 12630 
188 12604 
189 12636 
190 12620 
191 19742 
192 19546 
193 17863 
194 12758 
195 12769 
196 12768 
197 16069 
198 18621 
199 19083 
200 16255 
201 15358 
202 20405 
203 16854 
204 13076 
205 12960 
206 12975 
207 16441 
208 20596 
209 20612 
210 14073 
211 13251 
212 14572 
213 17974 
214 19737 
215 19916 
216 16250 
217 18913 
218 21232 
219 15459 
220 13283 
221 13309 
222 13326 
223 13415 
224 13819 
225 13443 
226 13357 
227 13522 
228 13436 
229 19089 
230 20686 
231 19443 
232 13533 
233 13555 
234 20172 
235 15512 
236 13761 
237 13803 
238 13932 
239 17300 
240 21546 
241 18223 
242 13728 
243 13755 
244 13766 
245 18717 
246 22151 
247 22799 
248 21886 
249 21853 
250 22453 
251 21907 
252 22187 
253 22187 
254 22018 
255 22878 
256 17931 