0 5976 
1 3801 
2 4544 
3 3422 
4 6895 
5 3372 
6 3523 
7 3493 
8 3716 
9 3926 
10 3621 
11 3598 
12 3649 
13 4838 
14 5361 
15 3638 
16 3672 
17 4625 
18 4959 
19 5314 
20 7885 
21 17094 
22 4645 
23 5047 
24 6793 
25 4257 
26 5666 
27 4314 
28 3960 
29 4020 
30 3919 
31 4186 
32 10763 
33 4460 
34 12858 
35 4531 
36 4263 
37 4129 
38 4186 
39 4132 
40 4395 
41 13433 
42 7416 
43 4514 
44 4693 
45 4719 
46 5608 
47 6635 
48 5020 
49 4942 
50 4780 
51 4983 
52 4830 
53 6247 
54 11804 
55 4405 
56 4567 
57 4648 
58 4516 
59 4635 
60 4531 
61 6845 
62 5523 
63 4561 
64 5672 
65 5618 
66 5476 
67 5547 
68 7500 
69 4540 
70 4791 
71 4763 
72 4811 
73 5625 
74 7314 
75 5506 
76 6264 
77 4933 
78 6773 
79 5724 
80 9760 
81 6615 
82 5419 
83 4970 
84 5570 
85 4966 
86 7719 
87 20341 
88 13898 
89 11081 
90 7716 
91 5696 
92 9716 
93 7719 
94 7773 
95 5527 
96 5760 
97 6233 
98 6429 
99 15661 
100 5503 
101 5470 
102 6496 
103 6010 
104 5672 
105 11756 
106 5520 
107 5869 
108 6135 
109 6611 
110 5804 
111 6331 
112 5960 
113 6273 
114 7318 
115 7213 
116 8520 
117 6307 
118 6517 
119 6531 
120 7527 
121 8141 
122 10101 
123 6456 
124 6439 
125 7719 
126 7773 
127 9449 
128 7327 
129 6956 
130 7550 
131 8743 
132 6865 
133 6274 
134 6916 
135 6382 
136 10648 
137 8443 
138 8423 
139 7686 
140 7301 
141 13729 
142 6496 
143 6574 
144 6064 
145 8320 
146 7030 
147 7939 
148 6240 
149 9213 
150 7341 
151 7338 
152 9338 
153 7017 
154 7091 
155 8097 
156 10649 
157 21959 
158 19348 
159 12915 
160 36040 
161 20010 
162 6733 
163 8558 
164 6814 
165 11672 
166 14054 
167 13760 
168 19452 
169 11736 
170 11776 
171 17179 
172 14703 
173 18235 
174 12598 
175 11861 
176 19537 
177 11851 
178 11709 
179 20541 
180 13503 
181 16290 
182 12318 
183 14737 
184 13625 
185 14925 
186 14828 
187 10267 
188 10216 
189 9540 
190 11781 
191 12186 
192 12814 
193 11821 
194 11202 
195 9020 
196 9273 
197 12212 
198 12283 
199 12395 
200 14290 
201 12851 
202 14895 
203 27107 
204 12324 
205 18929 
206 23584 
207 11500 
208 25148 
209 10115 
210 9125 
211 12013 
212 11098 
213 11284 
214 10054 
215 10193 
216 13142 
217 10411 
218 12176 
219 10115 
220 9470 
221 9926 
222 9257 
223 12203 
224 10638 
225 10541 
226 10993 
227 10257 
228 10824 
229 10628 
230 10767 
231 12315 
232 13043 
233 11125 
234 11929 
235 14081 
236 10564 
237 12419 
238 12709 
239 9966 
240 11632 
241 10263 
242 10534 
243 12537 
244 10543 
245 10165 
246 12411 
247 13719 
248 15530 
249 14266 
250 26364 
251 13510 
252 15776 
253 15679 
254 19054 
255 14081 
256 17142 